#1
# Columns: 2 tuners, 1 criteria
double historyTunersCriteria(15,3)
      5.0000000000000000e+00      1.0000000000000000e+00            2.4021906953630341e+03
      1.0000000000000000e+01      1.0000000000000000e+01            1.8554247614403787e+03
     -9.9999999999990941e+00      9.9999999999999734e+00            5.5517215983473797e+13
      4.5297099404706387e-13      9.9999999999999876e+00            1.9330739128636358e+03
      5.0000000000002265e+00      9.9999999999999929e+00            2.2902521223664735e+03
      7.5000000000001137e+00      9.9999999999999964e+00            1.9729491388417755e+03
      8.7500000000000568e+00      9.9999999999999982e+00            1.8574639699707232e+03
      9.3750000000000284e+00      1.0000000000000000e+01            1.8450625539313378e+03
      9.1431895161197652e+00      9.8543341417232178e+00            1.8603803978465307e+03
      9.2590947580598968e+00      9.9271670708616089e+00            1.8482165948960844e+03
      9.3170473790299617e+00      9.9635835354308036e+00            1.8449396323600208e+03
      9.3543996907151516e+00      9.9807308177638241e+00            1.8445871402732896e+03
      9.3433157231257162e+00      9.9803100267581915e+00            1.8445841227095225e+03
      9.3447863405357996e+00      9.9801047899713566e+00            1.8445840207106526e+03
      9.3447614108444039e+00      9.9801268771151399e+00            1.8445840206041157e+03
